300 4
100 60
250 120
120 100
35 20

10000 50
1075 1076
1025 1015
1052 1042
1088 1073
1086 1096
1055 1049
1101 1094
1095 1091
1034 1046
1014 1029
1009 1032
1065 1089
1037 1042
1007 1023
1110 1096
1045 1034
1027 1028
1054 1044
1004 1021
1033 1050
1024 1049
1075 1079
1074 1064
982 1002
1089 1098
1021 1031
1022 1037
1047 1033
1064 1061
1102 1099
1028 1036
1038 1031
1096 1084
1011 1034
1110 1093
1019 1023
1061 1085
1086 1086
1092 1073
1070 1060
1041 1021
1006 1002
1004 1012
1049 1038
1086 1092
1020 1031
1078 1072
1096 1093
1027 1038
1052 1062





























300 4
100 60
250 120
120 100
35 20

4000 50
40 43
333 1341
2172 1423
1958 2148
9499 2802
4443 1100
6983 436
416 2258
8155 661
7644 2743
9596 3311
4268 878
8396 3811
8109 3693
6048 1805
5998 2647
7201 2197
4062 456
6713 486
4911 1900
3445 2257
2645 3475
4231 720
1637 2780
6455 2154
31 2494
2690 3149
3866 1845
5812 1508
2799 2414
8052 683
3339 1180
2405 1635
543 1656
9837 1977
4099 7
740 279
9747 1018
4050 1421
1971 789
2491 847
8894 3033
7360 3622
5316 1846
1306 142
4840 1833
2533 2388
7014 459
8863 2598
428 3503

1000 20
40 11
333 336
2172 356
1958 537
9499 701
4443 275
6983 109
416 565
8155 166
7644 686
9596 828
4268 220
8396 953
8109 924
6048 452
5998 662
7201 550
4062 114
6713 122
4911 475



